{
 "cells": [
  {
   "cell_type": "code",
   "execution_count": 1,
   "id": "60952ae0",
   "metadata": {},
   "outputs": [],
   "source": [
    "# 导包\n",
    "import numpy as np\n",
    "import pandas as pd\n",
    "import matplotlib.pyplot as plt\n",
    "\n",
    "from IPython.core.interactiveshell import InteractiveShell # 这个对象设置所有行全部输出\n",
    "\n",
    "# 导入鸢尾花数据集\n",
    "from sklearn.datasets import load_iris\n",
    "\n",
    "# 导入数据集划分工具\n",
    "from sklearn.model_selection import train_test_split\n",
    "\n",
    "# 导入逻辑回归模型\n",
    "from sklearn.linear_model import LogisticRegression\n",
    "\n",
    "# 导入分类模型评估指标accuracy_score\n",
    "from sklearn.metrics import accuracy_score\n",
    "\n",
    "# 设置该对象ast_node_interactivity属性的值为all，表示在notebook下每一行有输出的代码全部输出运算结果\n",
    "InteractiveShell.ast_node_interactivity = \"all\"\n",
    "\n",
    "# 解决坐标轴刻度负号乱码\n",
    "plt.rcParams['axes.unicode_minus'] = False\n",
    "\n",
    "# 解决中文乱码问题\n",
    "plt.rcParams['font.sans-serif'] = ['Simhei']\n",
    "plt.style.use('ggplot')"
   ]
  },
  {
   "cell_type": "code",
   "execution_count": 2,
   "id": "8b6b5c27",
   "metadata": {},
   "outputs": [
    {
     "data": {
      "text/plain": [
       "(150, 4)"
      ]
     },
     "execution_count": 2,
     "metadata": {},
     "output_type": "execute_result"
    },
    {
     "data": {
      "text/plain": [
       "(150,)"
      ]
     },
     "execution_count": 2,
     "metadata": {},
     "output_type": "execute_result"
    }
   ],
   "source": [
    "# 加载数据\n",
    "iris_data = load_iris()\n",
    "\n",
    "x = iris_data.data\n",
    "y = iris_data.target\n",
    "\n",
    "# 基本的数据探索\n",
    "x.shape\n",
    "y.shape"
   ]
  },
  {
   "cell_type": "code",
   "execution_count": 3,
   "id": "7bb38009",
   "metadata": {},
   "outputs": [
    {
     "data": {
      "text/html": [
       "<div>\n",
       "<style scoped>\n",
       "    .dataframe tbody tr th:only-of-type {\n",
       "        vertical-align: middle;\n",
       "    }\n",
       "\n",
       "    .dataframe tbody tr th {\n",
       "        vertical-align: top;\n",
       "    }\n",
       "\n",
       "    .dataframe thead th {\n",
       "        text-align: right;\n",
       "    }\n",
       "</style>\n",
       "<table border=\"1\" class=\"dataframe\">\n",
       "  <thead>\n",
       "    <tr style=\"text-align: right;\">\n",
       "      <th></th>\n",
       "      <th>0</th>\n",
       "      <th>1</th>\n",
       "      <th>2</th>\n",
       "      <th>3</th>\n",
       "    </tr>\n",
       "  </thead>\n",
       "  <tbody>\n",
       "    <tr>\n",
       "      <th>0</th>\n",
       "      <td>5.1</td>\n",
       "      <td>3.5</td>\n",
       "      <td>1.4</td>\n",
       "      <td>0.2</td>\n",
       "    </tr>\n",
       "    <tr>\n",
       "      <th>1</th>\n",
       "      <td>4.9</td>\n",
       "      <td>3.0</td>\n",
       "      <td>1.4</td>\n",
       "      <td>0.2</td>\n",
       "    </tr>\n",
       "    <tr>\n",
       "      <th>2</th>\n",
       "      <td>4.7</td>\n",
       "      <td>3.2</td>\n",
       "      <td>1.3</td>\n",
       "      <td>0.2</td>\n",
       "    </tr>\n",
       "    <tr>\n",
       "      <th>3</th>\n",
       "      <td>4.6</td>\n",
       "      <td>3.1</td>\n",
       "      <td>1.5</td>\n",
       "      <td>0.2</td>\n",
       "    </tr>\n",
       "    <tr>\n",
       "      <th>4</th>\n",
       "      <td>5.0</td>\n",
       "      <td>3.6</td>\n",
       "      <td>1.4</td>\n",
       "      <td>0.2</td>\n",
       "    </tr>\n",
       "  </tbody>\n",
       "</table>\n",
       "</div>"
      ],
      "text/plain": [
       "     0    1    2    3\n",
       "0  5.1  3.5  1.4  0.2\n",
       "1  4.9  3.0  1.4  0.2\n",
       "2  4.7  3.2  1.3  0.2\n",
       "3  4.6  3.1  1.5  0.2\n",
       "4  5.0  3.6  1.4  0.2"
      ]
     },
     "execution_count": 3,
     "metadata": {},
     "output_type": "execute_result"
    },
    {
     "data": {
      "text/plain": [
       "0\n",
       "0    50\n",
       "1    50\n",
       "2    50\n",
       "Name: count, dtype: int64"
      ]
     },
     "execution_count": 3,
     "metadata": {},
     "output_type": "execute_result"
    }
   ],
   "source": [
    "pd.DataFrame(x).head()\n",
    "\n",
    "pd.DataFrame(y).value_counts()"
   ]
  },
  {
   "cell_type": "code",
   "execution_count": 5,
   "id": "17136d27",
   "metadata": {},
   "outputs": [
    {
     "data": {
      "text/plain": [
       "(105, 4)"
      ]
     },
     "execution_count": 5,
     "metadata": {},
     "output_type": "execute_result"
    },
    {
     "data": {
      "text/plain": [
       "(105,)"
      ]
     },
     "execution_count": 5,
     "metadata": {},
     "output_type": "execute_result"
    },
    {
     "data": {
      "text/plain": [
       "(45, 4)"
      ]
     },
     "execution_count": 5,
     "metadata": {},
     "output_type": "execute_result"
    },
    {
     "data": {
      "text/plain": [
       "(45,)"
      ]
     },
     "execution_count": 5,
     "metadata": {},
     "output_type": "execute_result"
    }
   ],
   "source": [
    "# 数据集划分\n",
    "Xtrain,Xtest,Ytrain,Ytest = train_test_split(x,y,test_size=0.3,random_state=123)\n",
    "Xtrain.shape\n",
    "Ytrain.shape\n",
    "Xtest.shape\n",
    "Ytest.shape"
   ]
  },
  {
   "cell_type": "code",
   "execution_count": 6,
   "id": "999bc952",
   "metadata": {},
   "outputs": [],
   "source": [
    "# 构建逻辑回归模型\n",
    "clf = LogisticRegression()\n",
    "\n",
    "# 模型训练\n",
    "clf = clf.fit(Xtrain,Ytrain)"
   ]
  },
  {
   "cell_type": "code",
   "execution_count": 8,
   "id": "7a480a2f",
   "metadata": {},
   "outputs": [
    {
     "data": {
      "text/plain": [
       "(array([1, 2, 2, 1, 0, 1, 1, 0, 0, 1, 2, 0, 1, 2, 2, 2, 0, 0, 1, 0, 0, 1,\n",
       "        0, 2, 0, 0, 0, 2, 2, 0, 2, 1, 0, 0, 1, 1, 2, 0, 0, 1, 1, 0, 2, 2,\n",
       "        2]),\n",
       " array([1, 2, 2, 1, 0, 2, 1, 0, 0, 1, 2, 0, 1, 2, 2, 2, 0, 0, 1, 0, 0, 2,\n",
       "        0, 2, 0, 0, 0, 2, 2, 0, 2, 2, 0, 0, 1, 1, 2, 0, 0, 1, 1, 0, 2, 2,\n",
       "        2]))"
      ]
     },
     "execution_count": 8,
     "metadata": {},
     "output_type": "execute_result"
    }
   ],
   "source": [
    "# 获取预测结果\n",
    "y_pred = clf.predict(Xtest)\n",
    "y_pred,Ytest"
   ]
  },
  {
   "cell_type": "code",
   "execution_count": 9,
   "id": "e7c43628",
   "metadata": {},
   "outputs": [
    {
     "data": {
      "text/plain": [
       "0.9333333333333333"
      ]
     },
     "execution_count": 9,
     "metadata": {},
     "output_type": "execute_result"
    }
   ],
   "source": [
    "# 模型评估\n",
    "accuracy_score(Ytest,y_pred)"
   ]
  },
  {
   "cell_type": "code",
   "execution_count": 10,
   "id": "80cd6759",
   "metadata": {},
   "outputs": [
    {
     "data": {
      "text/plain": [
       "array([[1.19935283e-03, 6.34366928e-01, 3.64433719e-01],\n",
       "       [5.15475592e-05, 1.03708166e-01, 8.96240287e-01],\n",
       "       [2.26973365e-05, 4.80806079e-02, 9.51896695e-01],\n",
       "       [3.27307805e-02, 9.22426807e-01, 4.48424121e-02],\n",
       "       [9.80174919e-01, 1.98250463e-02, 3.48651345e-08],\n",
       "       [2.57469150e-03, 5.13892979e-01, 4.83532329e-01],\n",
       "       [4.16769231e-03, 9.08835020e-01, 8.69972873e-02],\n",
       "       [9.84651386e-01, 1.53485729e-02, 4.11509958e-08],\n",
       "       [9.74298660e-01, 2.57012386e-02, 1.00926793e-07],\n",
       "       [1.23894613e-02, 8.95216254e-01, 9.23942843e-02],\n",
       "       [2.05149438e-04, 1.81239184e-01, 8.18555666e-01],\n",
       "       [9.80755865e-01, 1.92441096e-02, 2.50560530e-08],\n",
       "       [5.17425177e-02, 9.01756066e-01, 4.65014163e-02],\n",
       "       [1.23100900e-04, 1.76090394e-01, 8.23786505e-01],\n",
       "       [1.24598680e-06, 2.21323201e-02, 9.77866434e-01],\n",
       "       [1.12365702e-05, 3.25195217e-02, 9.67469242e-01],\n",
       "       [9.68050496e-01, 3.19494627e-02, 4.13209451e-08],\n",
       "       [9.88906825e-01, 1.10931595e-02, 1.52513689e-08],\n",
       "       [4.32220451e-03, 7.97303565e-01, 1.98374230e-01],\n",
       "       [9.65640645e-01, 3.43592201e-02, 1.34782128e-07],\n",
       "       [9.67214256e-01, 3.27856761e-02, 6.81693115e-08],\n",
       "       [8.99719690e-04, 5.31592820e-01, 4.67507460e-01],\n",
       "       [9.37613825e-01, 6.23855519e-02, 6.23457887e-07],\n",
       "       [1.69662664e-03, 4.61238117e-01, 5.37065257e-01],\n",
       "       [9.69969522e-01, 3.00303809e-02, 9.73767536e-08],\n",
       "       [9.27854244e-01, 7.21454553e-02, 3.00678456e-07],\n",
       "       [9.50015818e-01, 4.99839777e-02, 2.04792671e-07],\n",
       "       [1.23048593e-03, 2.63017497e-01, 7.35752017e-01],\n",
       "       [2.89491229e-07, 7.82427408e-03, 9.92175436e-01],\n",
       "       [9.77840678e-01, 2.21592740e-02, 4.78163949e-08],\n",
       "       [3.13108419e-06, 4.79257102e-02, 9.52071159e-01],\n",
       "       [7.47777320e-04, 5.00752105e-01, 4.98500118e-01],\n",
       "       [9.62104786e-01, 3.78950210e-02, 1.92549150e-07],\n",
       "       [9.73031774e-01, 2.69681691e-02, 5.71234588e-08],\n",
       "       [1.31585539e-02, 9.69076358e-01, 1.77650877e-02],\n",
       "       [1.48518026e-01, 8.47498643e-01, 3.98333021e-03],\n",
       "       [1.92230931e-06, 3.22366259e-02, 9.67761452e-01],\n",
       "       [9.54491566e-01, 4.55081696e-02, 2.64812205e-07],\n",
       "       [9.80010172e-01, 1.99897879e-02, 3.96364566e-08],\n",
       "       [3.14895452e-02, 9.47777394e-01, 2.07330609e-02],\n",
       "       [7.66397999e-02, 9.15114768e-01, 8.24543241e-03],\n",
       "       [9.77972416e-01, 2.20275517e-02, 3.22358633e-08],\n",
       "       [6.23693112e-06, 2.46147281e-02, 9.75379035e-01],\n",
       "       [1.27189485e-04, 1.27126295e-01, 8.72746516e-01],\n",
       "       [5.21543960e-04, 2.25757386e-01, 7.73721070e-01]])"
      ]
     },
     "execution_count": 10,
     "metadata": {},
     "output_type": "execute_result"
    }
   ],
   "source": [
    "# 获取预测结果的概率分布\n",
    "clf.predict_proba(Xtest)"
   ]
  },
  {
   "cell_type": "code",
   "execution_count": 11,
   "id": "a3441355",
   "metadata": {},
   "outputs": [
    {
     "data": {
      "text/plain": [
       "array([[-0.45799607,  0.82236219, -2.31225851, -0.98187004],\n",
       "       [ 0.50923947, -0.22371391, -0.18962234, -0.81216269],\n",
       "       [-0.0512434 , -0.59864828,  2.50188085,  1.79403273]])"
      ]
     },
     "execution_count": 11,
     "metadata": {},
     "output_type": "execute_result"
    },
    {
     "data": {
      "text/plain": [
       "array([  9.63653885,   1.77351235, -11.41005119])"
      ]
     },
     "execution_count": 11,
     "metadata": {},
     "output_type": "execute_result"
    }
   ],
   "source": [
    "# 查看权重（模型参数）\n",
    "clf.coef_\n",
    "clf.intercept_"
   ]
  },
  {
   "cell_type": "code",
   "execution_count": 12,
   "id": "87288a8a",
   "metadata": {},
   "outputs": [],
   "source": [
    "# 导包\n",
    "import torch\n",
    "import torch.nn.functional as F # 导入神经网络函数库"
   ]
  },
  {
   "cell_type": "code",
   "execution_count": 13,
   "id": "6d8b6c5e",
   "metadata": {},
   "outputs": [
    {
     "data": {
      "text/plain": [
       "<torch._C.Generator at 0x290c0760130>"
      ]
     },
     "execution_count": 13,
     "metadata": {},
     "output_type": "execute_result"
    }
   ],
   "source": [
    "# 数据准备\n",
    "\n",
    "n_item = 1000   # 样本容量m\n",
    "n_feature = 2   # 特征维度n，特征的个数\n",
    "learning_rate = 0.001   # 学习率，步长\n",
    "epochs = 100    # 训练轮数\n",
    "\n",
    "# fake data: 构造假数据\n",
    "torch.manual_seed(123) # 指定任意随机种子构造随机数\n",
    "data_x = torch.randn(size=(n_item, n_feature)).float() # 依据随机种子对象生成1000行，2个特征的数据集，取值给定浮点数\n",
    "data_y = torch.where(torch.subtract(data_x[:, 0]*0.5, data_x[:, 1]*1.5) > 0, 1., 0.).float()\n",
    "# 这里标签的构建规则是：如果第一个数的0.5倍大于第二个数的0.5倍，则该样本标签取值为1，否则为0"
   ]
  },
  {
   "cell_type": "code",
   "execution_count": 15,
   "id": "7568f9b5",
   "metadata": {},
   "outputs": [],
   "source": [
    "# 借助Pytorch手写逻辑回归算法\n",
    "class LogisticRegressionManually(object):\n",
    "    def __init__(self):\n",
    "        # regression model\n",
    "        self.w = torch.randn(size=(n_feature, 1), requires_grad=True) # 构造待估参数列向量w\n",
    "        self.b = torch.zeros(size=(1, 1), requires_grad=True) # 构造偏置b\n",
    "        # requires_grad为true表示当前这个量是可以求导的，在这里就表示可以进行梯度更新\n",
    "        # 如果不指定就说明这个量是不能求导更新的\n",
    "    \n",
    "    # 定义前向计算，说白了就是构建逻辑回归的决策函数，计算得出标签结果\n",
    "    def forward(self, x):\n",
    "        y_hat = F.sigmoid(torch.matmul(self.w.transpose(0, 1), x) + self.b) # 这里其实就是在套用逻辑回归的决策函数w^Tx + b，转置\n",
    "        return y_hat # 返回预测结果\n",
    "    \n",
    "    # 定义损失函数，\n",
    "    @staticmethod\n",
    "    def loss_func(y_hat, y):\n",
    "        return -(torch.log(y_hat)*y + (1-y)*torch.log(1-y_hat)) # 这里其实就是在套用逻辑回归的损失函数，也是手写了一个二分类交叉熵损失函数\n",
    "\n",
    "    # train，构建训练过程\n",
    "    def train(self):\n",
    "        # 100轮训练过程，观察损失函数的下降规律\n",
    "        for epoch in range(epochs):\n",
    "            # 1. load data，加载每一条样本数据\n",
    "            for step in range(n_item):\n",
    "                # 2. forward calc，前向计算，得出标签预测结果\n",
    "                y_hat = self.forward(data_x[step])\n",
    "                y = data_y[step]    # target，在获取当前样本的真实标签结果\n",
    "                # 3. loss calc，损失函数计算，传入预测值和真实值\n",
    "                loss = self.loss_func(y_hat, y)\n",
    "                # 4. backward\n",
    "                loss.backward() # 反向求导\n",
    "                # 5. update model(update param)\n",
    "                with torch.no_grad(): # 更新模型参数\n",
    "                # 这里为啥要使用with语句，表示在这个上下文环境下不执行梯度更新操作，此时需要完成更新参数\n",
    "                    self.w.data -= learning_rate * self.w.grad.data # 待估参数列向量w更新\n",
    "                    self.b.data -= learning_rate * self.b.grad.data # 截距b更新\n",
    "                self.w.grad.data.zero_() # 记得更新完后归零\n",
    "                self.b.grad.data.zero_()\n",
    "            if epoch % 10 == 0:\n",
    "                print('Epoch: {}, Loss: {}'.format(epoch, loss.item()))\n"
   ]
  },
  {
   "cell_type": "code",
   "execution_count": 16,
   "id": "d95a4189",
   "metadata": {},
   "outputs": [
    {
     "name": "stdout",
     "output_type": "stream",
     "text": [
      "Epoch: 0, Loss: 0.5620617270469666\n",
      "Epoch: 10, Loss: 0.4762253761291504\n",
      "Epoch: 20, Loss: 0.43637001514434814\n",
      "Epoch: 30, Loss: 0.4089241325855255\n",
      "Epoch: 40, Loss: 0.3875424861907959\n",
      "Epoch: 50, Loss: 0.3698981702327728\n",
      "Epoch: 60, Loss: 0.35483989119529724\n",
      "Epoch: 70, Loss: 0.3416937291622162\n",
      "Epoch: 80, Loss: 0.33002859354019165\n",
      "Epoch: 90, Loss: 0.3195469379425049\n"
     ]
    }
   ],
   "source": [
    "# 执行\n",
    "if __name__ == '__main__':\n",
    "    lrm = LogisticRegressionManually()  # 新建模型\n",
    "    lrm.train()  # 训练"
   ]
  },
  {
   "cell_type": "code",
   "execution_count": null,
   "id": "225c5526",
   "metadata": {},
   "outputs": [],
   "source": []
  }
 ],
 "metadata": {
  "kernelspec": {
   "display_name": "PyTorch",
   "language": "python",
   "name": "python3"
  },
  "language_info": {
   "codemirror_mode": {
    "name": "ipython",
    "version": 3
   },
   "file_extension": ".py",
   "mimetype": "text/x-python",
   "name": "python",
   "nbconvert_exporter": "python",
   "pygments_lexer": "ipython3",
   "version": "3.11.14"
  }
 },
 "nbformat": 4,
 "nbformat_minor": 5
}
